4921.3333
4836.0000
4682.0000
4546.0000
4489.3333
4316.3333
4283.0000
4250.0000
4100.3333
3943.3333
3667.3333
3663.3333
3644.3333
3618.3333
3465.0000
3448.3333
3431.3333
3406.3333
3351.3333
3318.3333
3289.0000
3242.3333
3225.0000
3215.0000
3105.3333
3080.3333
3066.3333
3013.0000
2900.3333
2896.3333
2865.3333
2778.3333
2772.3333
2737.3333
2703.3333
2702.3333
2679.3333
2666.0000
2665.0000
2625.3333
2608.3333
2564.3333
2516.3333
2507.3333
2497.3333
2468.3333
2440.3333
2433.3333
2398.3333
2354.3333
2344.0000
2333.3333
2331.0000
2330.0000
2268.3333
2222.3333
2213.3333
2207.3333
2188.3333
2151.3333
2116.3333
2029.3333
2023.3333
2022.3333
2013.3333
2010.3333
2007.3333
1989.3333
1944.3333
1934.3333
1916.3333
1885.3333
1875.3333
1845.3333
1839.0000
1812.3333
1747.0000
1734.3333
1732.3333
1723.3333
1694.0000
1693.3333
1683.3333
1680.3333
1678.3333
1645.3333
1637.3333
1634.3333
1632.3333
1629.0000
1624.3333
1604.3333
1597.3333
1562.3333
1546.3333
1545.3333
1542.0000
1536.3333
1527.3333
1509.3333
1508.3333
1503.3333
1498.3333
1474.3333
1459.3333
1456.0000
1442.3333
1436.3333
1389.3333
1371.0000
1370.3333
1367.3333
1338.3333
1337.3333
1335.0000
1324.3333
1322.3333
1306.3333
1284.3333
1276.3333
1273.3333
1272.3333
1267.3333
1263.0000
1255.3333
1239.3333
1226.3333
1195.3333
1188.3333
1185.3333
1184.3333
1162.3333
1152.3333
1145.0000
1143.3333
1139.3333
1131.3333
1114.3333
1111.3333
1110.3333
1108.3333
1101.3333
1097.3333
1096.3333
1088.3333
1059.3333
1056.3333
1046.3333
1039.0000
1036.0000
1030.3333
1010.3333
1001.3333
1001.3333
991.3333
989.3333
983.3333
967.3333
956.3333
952.3333
951.3333
951.3333
947.3333
945.3333
944.3333
944.3333
940.3333
938.3333
934.0000
930.3333
929.3333
920.3333
910.3333
905.3333
903.3333
903.3333
899.3333
894.3333
888.3333
884.3333
882.0000
867.3333
858.3333
857.3333
831.3333
831.3333
827.3333
820.3333
816.3333
816.3333
813.3333
808.3333
806.0000
805.3333
793.3333
785.0000
784.3333
780.3333
778.3333
755.3333
750.3333
743.3333
741.3333
740.3333
739.3333
735.3333
733.3333
727.3333
723.3333
712.3333
710.3333
707.3333
705.3333
704.3333
702.3333
699.3333
698.3333
695.3333
695.3333
674.3333
674.3333
669.3333
668.3333
667.3333
652.3333
646.0000
640.3333
637.3333
634.3333
632.3333
629.3333
628.3333
623.3333
622.3333
613.3333
613.3333
612.3333
611.3333
608.3333
607.3333
606.3333
601.3333
595.3333
591.3333
589.3333
588.3333
582.3333
581.3333
578.3333
575.3333
572.3333
571.3333
568.3333
567.3333
566.3333
542.3333
534.3333
532.3333
528.3333
524.3333
520.3333
516.3333
513.3333
511.3333
509.3333
509.3333
508.3333
506.0000
496.3333
488.3333
487.3333
485.3333
484.3333
478.3333
477.3333
476.3333
469.0000
467.3333
463.3333
461.3333
461.3333
459.3333
453.3333
449.3333
449.3333
447.3333
441.3333
434.3333
432.3333
429.3333
428.3333
427.3333
427.3333
424.3333
423.3333
423.3333
422.3333
418.3333
418.3333
413.3333
408.3333
407.3333
403.3333
399.3333
399.3333
397.3333
395.3333
395.3333
391.3333
383.3333
379.3333
378.3333
377.3333
372.3333
372.3333
372.3333
366.3333
361.3333
360.3333
359.3333
358.3333
358.3333
357.0000
355.3333
354.3333
348.3333
347.3333
346.3333
346.3333
344.3333
342.3333
341.3333
339.3333
338.3333
338.3333
335.3333
333.3333
331.3333
331.3333
328.3333
327.3333
327.3333
326.3333
326.3333
325.3333
324.3333
324.0000
323.3333
323.3333
323.3333
321.3333
319.3333
318.3333
317.3333
316.3333
314.3333
313.3333
312.3333
308.3333
306.3333
306.3333
304.3333
304.3333
302.3333
300.3333
299.3333
298.3333
298.3333
298.3333
297.3333
297.3333
297.3333
297.3333
295.3333
295.0000
293.3333
292.3333
287.3333
285.3333
285.3333
282.3333
281.3333
280.3333
277.3333
276.3333
272.3333
272.3333
272.3333
271.3333
270.3333
269.3333
268.3333
266.3333
266.3333
265.3333
261.3333
261.3333
261.3333
260.3333
260.0000
259.3333
257.3333
257.3333
255.3333
255.3333
254.3333
253.3333
253.0000
252.3333
252.3333
250.3333
249.3333
248.3333
244.3333
244.3333
242.3333
241.3333
240.3333
239.3333
239.0000
239.0000
238.3333
237.3333
236.3333
235.3333
234.3333
234.0000
233.0000
231.3333
231.3333
231.3333
230.3333
229.3333
227.3333
227.3333
226.3333
225.0000
222.3333
221.3333
221.3333
219.3333
219.3333
219.3333
218.3333
218.3333
217.3333
216.3333
216.3333
215.3333
214.0000
212.3333
212.3333
210.3333
209.3333
209.3333
208.3333
207.3333
207.3333
207.3333
206.3333
205.3333
205.3333
205.3333
204.3333
202.3333
202.3333
202.3333
202.3333
202.3333
201.3333
200.3333
200.3333
199.0000
197.3333
197.3333
197.3333
196.3333
192.3333
192.3333
191.3333
191.3333
190.3333
190.0000
189.3333
189.3333
189.3333
189.3333
188.3333
188.3333
187.3333
187.3333
186.3333
185.3333
185.3333
184.3333
182.3333
181.3333
180.3333
180.3333
178.3333
178.3333
178.3333
177.3333
177.3333
177.3333
175.3333
175.3333
175.3333
175.3333
175.3333
173.3333
172.3333
171.3333
171.3333
171.3333
170.3333
170.3333
170.3333
168.3333
168.3333
167.3333
167.3333
167.3333
167.3333
167.3333
167.3333
164.3333
161.3333
161.3333
160.3333
160.3333
160.3333
158.3333
158.3333
157.3333
157.3333
156.3333
156.3333
155.3333
155.3333
155.3333
154.3333
154.3333
154.3333
154.3333
153.3333
152.3333
152.3333
151.3333
151.3333
150.3333
150.3333
149.3333
149.3333
148.3333
147.3333
146.3333
145.3333
145.3333
144.3333
144.3333
142.3333
141.3333
141.3333
141.3333
140.3333
140.3333
139.3333
138.3333
137.3333
137.3333
137.3333
137.3333
135.3333
134.3333
134.3333
134.3333
134.3333
134.3333
133.3333
133.3333
133.3333
132.3333
132.3333
132.3333
131.3333
131.3333
130.3333
130.3333
130.3333
130.3333
129.3333
129.3333
129.3333
128.3333
128.3333
128.3333
128.3333
127.3333
127.3333
126.3333
126.3333
126.3333
126.3333
125.3333
125.3333
125.3333
123.3333
122.3333
122.0000
121.3333
121.3333
121.3333
121.3333
120.3333
120.3333
120.3333
120.0000
119.3333
119.3333
119.3333
118.3333
118.3333
118.3333
117.3333
117.3333
117.3333
117.3333
115.3333
115.0000
114.3333
113.3333
113.3333
113.3333
113.3333
112.3333
111.3333
111.3333
110.3333
110.3333
110.3333
110.3333
110.0000
108.3333
108.3333
108.3333
108.3333
107.3333
107.3333
107.3333
106.3333
106.3333
105.3333
105.3333
105.3333
105.3333
105.3333
104.3333
104.3333
104.3333
102.3333
102.3333
102.3333
101.3333
101.3333
100.3333
100.3333
100.3333
100.3333
100.3333
99.3333
98.3333
98.3333
98.3333
96.3333
95.3333
95.3333
95.3333
95.3333
95.3333
95.3333
95.3333
94.3333
94.3333
94.3333
94.3333
94.3333
94.3333
93.3333
93.3333
93.3333
93.3333
92.3333
92.3333
92.3333
92.3333
91.3333
91.3333
91.3333
91.3333
91.3333
90.3333
90.3333
90.3333
90.3333
90.3333
89.3333
89.3333
89.3333
88.3333
88.3333
88.3333
88.3333
88.3333
87.3333
87.3333
87.3333
87.3333
86.3333
86.3333
86.3333
86.3333
85.0000
84.3333
84.3333
84.3333
84.3333
84.3333
84.3333
84.3333
83.3333
83.3333
83.3333
83.3333
83.3333
82.3333
82.3333
82.3333
81.3333
81.3333
81.3333
80.3333
80.3333
80.3333
80.3333
80.3333
80.3333
80.3333
80.3333
80.3333
79.3333
79.3333
79.3333
79.3333
79.3333
79.3333
79.3333
78.3333
78.3333
78.3333
78.3333
77.3333
77.3333
77.3333
77.3333
76.3333
75.3333
75.3333
75.3333
75.3333
74.3333
74.3333
74.3333
74.3333
74.3333
73.3333
73.3333
73.3333
73.3333
73.3333
72.3333
72.3333
71.3333
71.3333
71.3333
70.3333
70.3333
70.3333
70.3333
70.3333
70.3333
70.3333
70.3333
70.3333
70.3333
69.3333
68.3333
68.3333
68.3333
68.3333
68.3333
68.3333
68.3333
67.3333
67.3333
67.3333
67.3333
67.3333
67.3333
67.3333
67.3333
66.3333
66.3333
66.3333
66.3333
66.3333
66.3333
65.3333
65.3333
65.3333
64.3333
64.3333
64.3333
63.3333
63.3333
62.3333
62.3333
62.3333
62.3333
62.3333
62.3333
62.3333
61.3333
61.3333
61.3333
61.3333
60.3333
60.3333
60.3333
60.3333
60.3333
60.0000
59.3333
59.3333
59.3333
58.3333
58.3333
58.3333
58.3333
58.3333
58.3333
57.3333
57.3333
57.3333
57.3333
57.3333
57.3333
57.3333
57.3333
56.3333
56.3333
56.3333
56.3333
56.3333
56.3333
55.3333
55.3333
55.3333
55.3333
55.3333
55.3333
55.3333
55.3333
55.3333
54.3333
54.3333
54.3333
53.3333
53.3333
53.3333
52.3333
52.3333
52.3333
52.3333
52.3333
52.3333
52.3333
51.3333
51.3333
51.3333
51.3333
51.3333
51.3333
51.3333
51.3333
50.3333
50.3333
50.3333
50.3333
50.3333
50.3333
50.3333
50.3333
49.3333
49.3333
49.3333
49.3333
48.3333
48.3333
48.3333
48.3333
48.3333
48.3333
48.3333
47.3333
47.3333
46.3333
46.3333
46.3333
45.3333
45.3333
45.3333
45.3333
45.3333
45.3333
45.3333
44.3333
44.3333
44.3333
44.3333
43.3333
43.3333
43.3333
43.3333
43.3333
43.3333
43.3333
43.3333
43.3333
42.3333
42.3333
42.3333
42.3333
41.3333
41.3333
41.3333
41.3333
41.3333
40.3333
40.3333
40.3333
40.3333
40.3333
40.3333
40.3333
39.3333
39.3333
39.3333
39.3333
39.3333
39.3333
38.3333
38.3333
38.3333
37.3333
37.3333
37.3333
37.3333
37.3333
37.3333
37.3333
37.3333
37.3333
37.3333
37.3333
37.3333
36.3333
36.3333
36.3333
36.3333
36.3333
36.3333
36.3333
36.3333
36.3333
36.3333
35.3333
35.3333
35.3333
35.3333
35.3333
34.3333
34.3333
34.3333
34.3333
34.3333
34.3333
33.3333
33.3333
33.3333
33.3333
33.3333
33.3333
33.3333
33.3333
33.3333
33.3333
33.3333
32.3333
32.3333
32.3333
32.3333
32.3333
32.3333
32.3333
32.3333
32.3333
32.3333
32.3333
32.3333
31.3333
31.3333
31.3333
31.3333
31.3333
31.3333
31.3333
31.3333
31.3333
31.3333
31.3333
31.3333
31.3333
31.3333
31.3333
31.0000
30.3333
30.3333
30.3333
30.3333
30.3333
30.3333
30.3333
30.3333
30.3333
29.3333
29.3333
29.3333
29.3333
29.3333
29.3333
29.3333
29.3333
29.3333
29.3333
29.3333
28.3333
28.3333
28.3333
28.3333
28.3333
28.3333
28.3333
28.3333
28.3333
28.3333
28.3333
28.3333
28.3333
28.3333
28.3333
28.3333
28.3333
28.3333
28.3333
28.3333
28.3333
28.3333
27.3333
27.3333
27.3333
27.3333
27.3333
27.3333
27.3333
27.3333
27.3333
27.3333
27.3333
26.3333
26.3333
26.3333
26.3333
26.3333
26.3333
26.3333
26.3333
26.3333
26.3333
26.3333
26.3333
26.3333
26.3333
26.3333
26.3333
25.3333
25.3333
25.3333
25.3333
25.3333
25.3333
25.3333
25.3333
25.3333
25.3333
25.3333
25.3333
25.3333
25.3333
25.3333
25.3333
25.3333
24.3333
24.3333
24.3333
24.3333
24.3333
24.3333
24.3333
24.3333
24.3333
24.3333
24.3333
23.3333
23.3333
23.3333
23.3333
23.3333
23.3333
23.3333
23.3333
23.3333
23.3333
23.3333
23.3333
23.3333
23.3333
23.3333
23.3333
23.3333
22.3333
22.3333
22.3333
22.3333
22.3333
22.3333
22.3333
22.3333
22.3333
22.3333
22.3333
22.3333
22.3333
22.3333
22.3333
22.3333
22.3333
22.3333
22.3333
22.3333
22.3333
22.3333
22.3333
22.3333
22.3333
21.3333
21.3333
21.3333
21.3333
21.3333
21.3333
21.3333
21.3333
21.3333
21.3333
21.3333
21.3333
21.3333
21.3333
21.3333
21.3333
21.3333
21.3333
21.3333
21.3333
20.3333
20.3333
20.3333
20.3333
20.3333
20.3333
20.3333
20.3333
20.3333
20.3333
20.3333
20.3333
20.3333
20.3333
20.3333
20.3333
20.3333
20.3333
20.3333
20.3333
20.3333
20.3333
19.3333
19.3333
19.3333
19.3333
19.3333
19.3333
19.3333
19.3333
19.3333
19.3333
19.3333
19.3333
19.3333
19.3333
19.3333
19.3333
18.3333
18.3333
18.3333
18.3333
18.3333
18.3333
18.3333
18.3333
18.3333
18.3333
18.3333
18.3333
18.3333
18.3333
18.3333
17.3333
17.3333
17.3333
17.3333
17.3333
17.3333
17.3333
17.3333
17.3333
17.3333
17.3333
17.3333
17.3333
17.3333
17.3333
17.3333
16.3333
16.3333
16.3333
16.3333
16.3333
16.3333
16.3333
16.3333
16.3333
16.3333
16.3333
16.3333
16.3333
16.3333
16.3333
16.3333
16.3333
16.3333
16.3333
16.3333
16.3333
16.3333
16.3333
15.3333
15.3333
15.3333
15.3333
15.3333
15.3333
15.3333
15.3333
15.3333
15.3333
15.3333
15.3333
15.3333
15.3333
15.3333
15.3333
14.3333
14.3333
14.3333
14.3333
14.3333
14.3333
14.3333
14.3333
14.3333
14.3333
14.3333
14.3333
14.3333
14.3333
14.3333
14.3333
14.3333
14.3333
14.3333
14.3333
14.3333
14.3333
14.3333
14.3333
14.3333
14.3333
14.3333
14.3333
14.3333
14.3333
14.3333
14.3333
14.3333
14.3333
14.3333
13.3333
13.3333
13.3333
13.3333
13.3333
13.3333
13.3333
13.3333
13.3333
13.3333
13.3333
13.3333
13.3333
13.3333
13.3333
13.3333
13.3333
13.3333
13.3333
13.3333
13.3333
13.3333
13.3333
13.3333
13.3333
13.3333
13.3333
13.3333
13.3333
12.3333
12.3333
12.3333
12.3333
12.3333
12.3333
12.3333
12.3333
12.3333
12.3333
12.3333
12.3333
12.3333
12.3333
12.3333
12.3333
12.3333
12.3333
12.3333
12.3333
12.3333
12.3333
12.3333
12.3333
12.3333
12.3333
12.3333
12.3333
12.3333
12.3333
12.3333
12.3333
11.3333
11.3333
11.3333
11.3333
11.3333
11.3333
11.3333
11.3333
11.3333
11.3333
11.3333
11.3333
11.3333
11.3333
11.3333
11.3333
11.3333
11.3333
11.3333
11.3333
11.3333
11.3333
11.3333
11.3333
11.3333
11.3333
11.3333
11.3333
11.3333
11.3333
11.3333
11.3333
11.3333
11.3333
11.3333
11.3333
11.3333
11.3333
11.3333
11.3333
11.3333
11.3333
11.3333
11.3333
11.0000
10.3333
10.3333
10.3333
10.3333
10.3333
10.3333
10.3333
10.3333
10.3333
10.3333
10.3333
10.3333
10.3333
10.3333
10.3333
10.3333
10.3333
10.3333
10.3333
10.3333
10.3333
10.3333
10.3333
10.3333
10.3333
10.3333
10.3333
10.3333
10.3333
10.3333
10.3333
9.3333
9.3333
9.3333
9.3333
9.3333
9.3333
9.3333
9.3333
9.3333
9.3333
9.3333
9.3333
9.3333
9.3333
9.3333
9.3333
9.3333
9.3333
9.3333
9.3333
9.3333
9.3333
9.3333
9.3333
9.3333
9.3333
9.3333
9.3333
9.3333
9.3333
9.3333
9.3333
9.3333
9.3333
9.3333
8.3333
8.3333
8.3333
8.3333
8.3333
8.3333
8.3333
8.3333
8.3333
8.3333
8.3333
8.3333
8.3333
8.3333
8.3333
8.3333
8.3333
8.3333
8.3333
8.3333
8.3333
8.3333
8.3333
8.3333
8.3333
8.3333
8.3333
8.3333
8.3333
8.3333
8.3333
8.3333
8.3333
8.3333
8.3333
8.3333
8.3333
8.3333
8.3333
8.3333
8.3333
8.3333
8.3333
7.3333
7.3333
7.3333
7.3333
7.3333
7.3333
7.3333
7.3333
7.3333
7.3333
7.3333
7.3333
7.3333
7.3333
7.3333
7.3333
7.3333
7.3333
7.3333
7.3333
7.3333
7.3333
7.3333
7.3333
7.3333
7.3333
7.3333
7.3333
7.3333
7.3333
7.3333
7.3333
7.3333
7.3333
7.3333
7.3333
7.3333
7.3333
7.3333
7.3333
7.3333
7.3333
7.3333
7.3333
7.3333
7.3333
7.3333
7.3333
7.3333
7.3333
7.3333
7.3333
7.3333
7.3333
7.3333
7.3333
6.3333
6.3333
6.3333
6.3333
6.3333
6.3333
6.3333
6.3333
6.3333
6.3333
6.3333
6.3333
6.3333
6.3333
6.3333
6.3333
6.3333
6.3333
6.3333
6.3333
6.3333
6.3333
6.3333
6.3333
6.3333
6.3333
6.3333
6.3333
6.3333
6.3333
6.3333
6.3333
6.3333
6.3333
6.3333
6.3333
6.3333
6.3333
6.3333
6.3333
6.3333
6.3333
6.3333
5.3333
5.3333
5.3333
5.3333
5.3333
5.3333
5.3333
5.3333
5.3333
5.3333
5.3333
5.3333
5.3333
5.3333
5.3333
5.3333
5.3333
5.3333
5.3333
5.3333
5.3333
5.3333
5.3333
5.3333
5.3333
5.3333
5.3333
5.3333
5.3333
5.3333
5.3333
5.3333
5.3333
5.3333
5.3333
5.3333
5.3333
5.3333
5.3333
5.3333
5.3333
5.3333
5.3333
5.3333
5.3333
5.3333
5.3333
5.3333
5.3333
5.3333
5.3333
5.3333
5.3333
5.3333
5.3333
5.3333
5.3333
5.3333
5.0000
4.3333
4.3333
4.3333
4.3333
4.3333
4.3333
4.3333
4.3333
4.3333
4.3333
4.3333
4.3333
4.3333
4.3333
4.3333
4.3333
4.3333
4.3333
4.3333
4.3333
4.3333
4.3333
4.3333
4.3333
4.3333
4.3333
4.3333
4.3333
4.3333
4.3333
4.3333
4.3333
4.3333
4.3333
4.3333
4.3333
4.3333
4.3333
4.3333
4.3333
4.3333
4.3333
4.3333
4.3333
4.3333
4.3333
4.3333
4.3333
4.3333
4.3333
4.3333
4.3333
4.3333
4.3333
4.3333
4.3333
4.3333
4.3333
4.3333
4.3333
4.3333
4.3333
4.3333
4.3333
3.3333
3.3333
3.3333
3.3333
3.3333
3.3333
3.3333
3.3333
3.3333
3.3333
3.3333
3.3333
3.3333
3.3333
3.3333
3.3333
3.3333
3.3333
3.3333
3.3333
3.3333
3.3333
3.3333
3.3333
3.3333
3.3333
3.3333
3.3333
3.3333
3.3333
3.3333
3.3333
3.3333
3.3333
3.3333
3.3333
3.3333
3.3333
3.3333
3.3333
3.3333
3.3333
3.3333
3.3333
3.3333
3.3333
3.3333
3.3333
3.3333
3.3333
3.3333
3.3333
3.3333
3.3333
3.3333
3.3333
3.3333
3.3333
3.3333
3.3333
3.3333
3.3333
3.3333
3.3333
3.3333
3.3333
3.3333
3.3333
3.3333
3.3333
3.3333
3.3333
3.3333
3.3333
3.3333
3.3333
3.3333
3.3333
3.3333
3.3333
3.3333
3.0000
2.3333
2.3333
2.3333
2.3333
2.3333
2.3333
2.3333
2.3333
2.3333
2.3333
2.3333
2.3333
2.3333
2.3333
2.3333
2.3333
2.3333
2.3333
2.3333
2.3333
2.3333
2.3333
2.3333
2.3333
2.3333
2.3333
2.3333
2.3333
2.3333
2.3333
2.3333
2.3333
2.3333
2.3333
2.3333
2.3333
2.3333
2.3333
2.3333
2.3333
2.3333
2.3333
2.3333
2.3333
2.3333
2.3333
2.3333
2.3333
2.3333
2.3333
2.3333
2.3333
2.3333
2.3333
2.3333
2.3333
2.3333
2.3333
2.3333
2.3333
2.3333
2.3333
2.3333
2.3333
2.3333
2.3333
2.3333
2.3333
2.3333
2.3333
2.3333
2.3333
2.3333
2.3333
2.3333
2.3333
2.3333
2.3333
2.3333
2.3333
2.3333
2.3333
2.3333
2.3333
2.3333
2.3333
2.3333
2.3333
2.3333
2.3333
2.3333
2.3333
2.3333
2.3333
2.3333
2.3333
2.3333
2.3333
2.3333
2.3333
2.0000
1.3333
1.3333
1.3333
1.3333
1.3333
1.3333
1.3333
1.3333
1.3333
1.3333
1.3333
1.3333
1.3333
1.3333
1.3333
1.3333
1.3333
1.3333
1.3333
1.3333
1.3333
1.3333
1.3333
1.3333
1.3333
1.3333
1.3333
1.3333
1.3333
1.3333
1.3333
1.3333
1.3333
1.3333
1.3333
1.3333
1.3333
1.3333
1.3333
1.3333
1.3333
1.3333
1.3333
1.3333
1.3333
1.3333
1.3333
1.3333
1.3333
1.3333
1.3333
1.3333
1.3333
1.3333
1.3333
1.3333
1.3333
1.3333
1.3333
1.3333
1.3333
1.3333
1.3333
1.3333
1.3333
1.3333
1.3333
1.3333
1.3333
1.3333
1.3333
1.3333
1.3333
1.3333
1.3333
1.3333
1.3333
1.3333
1.3333
1.3333
1.3333
1.3333
1.3333
1.3333
1.3333
1.3333
1.3333
1.3333
1.3333
1.3333
1.3333
1.3333
1.3333
1.3333
1.3333
1.3333
1.3333
1.3333
1.3333
1.3333
1.3333
1.3333
1.3333
1.3333
1.3333
1.3333
1.3333
1.3333
1.3333
0.3333
0.3333
0.3333
0.3333
0.3333
0.3333
0.3333
0.3333
0.3333
0.3333
0.3333
0.3333
0.3333
0.3333
0.3333
0.3333
0.3333
0.3333
0.3333
0.3333
0.3333
0.3333
0.3333
0.3333
0.3333
0.3333
0.3333
0.3333
0.3333
0.3333
0.3333
0.3333
0.3333
0.3333
0.3333
0.3333
0.3333
0.3333
0.3333
0.3333
0.3333
0.3333
0.3333
0.3333
0.3333
0.3333
0.3333
0.3333
0.3333
0.3333
0.3333
0.3333
0.3333
0.3333
0.3333
0.3333
0.3333
0.3333
0.3333
0.3333
0.3333
0.3333
0.3333
0.3333
0.3333
0.3333
0.3333
0.3333
0.3333
0.3333
0.3333
0.3333
0.3333
0.3333
0.3333
0.3333
0.3333
0.3333
0.3333
0.3333
0.3333
0.3333
